
<scaninformation>
	date=01.01.2006
	starttime=11:02:57
	compass=40.0
	tilt=0.0
	lat=0.000000
	long=0.000000
	alt=0.000
	volcano=san_miguel
	site=piedra_azul
	observatory=snet
	serial=D2J2170
	spectrometer=S2000
	channel=0
	coneangle=90.0
	interlacesteps=1
	startchannel=0
	spectrumlength=2048
	flux=0.00
	battery=14.08
	temperature=28.60
	mode=plume
	instrumenttype=gothenburg
	version=2.1
	softwareversion=1.30
	compiledate=Apr 28 2008
</scaninformation>

<fluxinfo>
	flux=0.0000
	windspeed=10.0000
	winddirection=0.0000
	plumeheight=1000.00
	windspeedsource=user
	winddirectionsource=user
	plumeheightsource=user
	compasssource=user
</fluxinfo>
#scanangle	starttime	stoptime	name	specsaturation	fitsaturation	counts_ms	delta	chisquare	exposuretime	numspec	column(SO2)	columnerror(SO2)	shift(SO2)	shifterror(SO2)	squeeze(SO2)	squeezeerror(SO2)	isgoodpoint	offset	flag
<spectraldata>
0	11:02:57	11:03:14	sky	0.14	0.13	3.42	0.00e+000	0.00e+000	1000	15	0.0	0.0	0.0	0.0	0.0	0.0	1	5427	0
180	11:03:38	11:03:54	dark	0.14	0.13	3.39	0.00e+000	0.00e+000	1000	15	0.0	0.0	0.0	0.0	0.0	0.0	1	5423	0
-90	11:04:07	11:04:22	scan	0.14	0.13	3.40	6.03e+000	1.50e+002	1000	15	424.83	1002.50	0.00	0.00	1.00	0.00	0	5425	0
-86	11:04:25	11:04:41	scan	0.14	0.13	3.40	7.03e+000	1.79e+002	1000	15	306.05	1094.84	0.00	0.00	1.00	0.00	0	5417	0
-82	11:04:44	11:05:00	scan	0.14	0.13	3.42	9.98e+000	2.05e+002	1000	15	-3172.38	1170.87	0.00	0.00	1.00	0.00	0	5427	0
-79	11:05:03	11:05:20	scan	0.14	0.13	3.43	5.74e+000	1.21e+002	1000	15	-677.63	900.27	0.00	0.00	1.00	0.00	0	5423	0
-75	11:05:23	11:05:38	scan	0.14	0.13	3.39	7.16e+000	1.75e+002	1000	15	-59.67	1081.99	0.00	0.00	1.00	0.00	0	5422	0
-72	11:05:41	11:05:57	scan	0.14	0.13	3.44	7.31e+000	1.70e+002	1000	15	3270.91	1065.47	0.00	0.00	1.00	0.00	0	5423	0
-68	11:06:01	11:06:16	scan	0.14	0.13	3.41	1.11e+001	2.80e+002	1000	15	-377.65	1368.75	0.00	0.00	1.00	0.00	0	5424	0
-64	11:06:19	11:06:34	scan	0.14	0.13	3.42	6.82e+000	1.25e+002	1000	15	2012.34	914.12	0.00	0.00	1.00	0.00	0	5418	0
-61	11:06:37	11:06:54	scan	0.14	0.13	3.44	5.86e+000	1.57e+002	1000	15	-276.07	1024.91	0.00	0.00	1.00	0.00	0	5423	0
-57	11:06:57	11:07:12	scan	0.14	0.13	3.37	1.00e+001	1.80e+002	1000	15	-411.98	1096.45	0.00	0.00	1.00	0.00	0	5421	0
-54	11:07:15	11:07:31	scan	0.14	0.13	3.41	8.54e+000	1.99e+002	1000	15	93.53	1154.88	0.00	0.00	1.00	0.00	0	5416	0
-50	11:07:34	11:07:49	scan	0.14	0.13	3.43	9.10e+000	1.83e+002	1000	15	414.22	1106.47	0.00	0.00	1.00	0.00	0	5420	0
-46	11:07:52	11:08:07	scan	0.14	0.13	3.42	1.19e+001	2.82e+002	1000	15	-717.36	1373.43	0.00	0.00	1.00	0.00	0	5426	0
-43	11:08:11	11:08:26	scan	0.14	0.13	3.46	8.32e+000	1.97e+002	1000	15	-253.35	1148.95	0.00	0.00	1.00	0.00	0	5421	0
-39	11:08:29	11:08:44	scan	0.14	0.13	3.38	1.02e+001	2.88e+002	1000	15	2353.13	1389.92	0.00	0.00	1.00	0.00	0	5417	0
-36	11:08:47	11:09:03	scan	0.14	0.13	3.42	1.20e+001	3.84e+002	1000	15	-2782.40	1603.80	0.00	0.00	1.00	0.00	0	5417	0
-32	11:09:06	11:09:22	scan	0.14	0.13	3.44	1.46e+001	3.16e+002	1000	15	747.01	1454.25	0.00	0.00	1.00	0.00	0	5424	0
-28	11:09:25	11:09:41	scan	0.14	0.13	3.42	1.09e+001	3.16e+002	1000	15	-515.33	1454.86	0.00	0.00	1.00	0.00	0	5420	0
-25	11:09:44	11:09:59	scan	0.14	0.13	3.41	8.34e+000	2.63e+002	1000	15	-575.45	1326.64	0.00	0.00	1.00	0.00	0	5420	0
-21	11:10:02	11:10:18	scan	0.14	0.13	3.40	7.81e+000	1.36e+002	1000	15	-797.79	955.40	0.00	0.00	1.00	0.00	0	5424	0
-18	11:10:22	11:10:37	scan	0.14	0.13	3.40	6.98e+000	1.60e+002	1000	15	-1946.17	1033.96	0.00	0.00	1.00	0.00	0	5422	0
-14	11:10:40	11:10:55	scan	0.14	0.13	3.43	7.30e+000	1.84e+002	1000	15	-2803.44	1111.25	0.00	0.00	1.00	0.00	0	5419	0
-10	11:10:58	11:11:14	scan	0.14	0.13	3.42	9.86e+000	3.21e+002	1000	15	1369.07	1466.28	0.00	0.00	1.00	0.00	0	5427	0
-7	11:11:17	11:11:32	scan	0.14	0.13	3.42	9.32e+000	2.59e+002	1000	15	-3585.45	1316.41	0.00	0.00	1.00	0.00	0	5424	0
-3	11:11:35	11:11:52	scan	0.14	0.13	3.40	9.00e+000	2.24e+002	1000	15	-1393.01	1224.87	0.00	0.00	1.00	0.00	0	5422	0
0	11:11:55	11:12:10	scan	0.14	0.13	3.41	7.94e+000	2.24e+002	1000	15	-831.78	1225.52	0.00	0.00	1.00	0.00	0	5419	0
3	11:12:13	11:12:28	scan	0.14	0.13	3.40	7.55e+000	1.70e+002	1000	15	-21.08	1066.02	0.00	0.00	1.00	0.00	0	5419	0
7	11:12:32	11:12:48	scan	0.14	0.13	3.42	8.45e+000	1.92e+002	1000	15	-731.76	1134.29	0.00	0.00	1.00	0.00	0	5423	0
10	11:12:51	11:13:06	scan	0.14	0.13	3.43	8.14e+000	1.89e+002	1000	15	-932.37	1124.70	0.00	0.00	1.00	0.00	0	5426	0
14	11:13:09	11:13:25	scan	0.14	0.13	3.40	5.89e+000	2.12e+002	1000	15	467.37	1191.25	0.00	0.00	1.00	0.00	0	5428	0
18	11:13:28	11:13:44	scan	0.14	0.13	3.43	7.94e+000	1.90e+002	1000	15	2020.27	1126.73	0.00	0.00	1.00	0.00	0	5421	0
21	11:13:47	11:14:03	scan	0.14	0.13	3.40	8.72e+000	2.49e+002	1000	15	107.06	1292.04	0.00	0.00	1.00	0.00	0	5423	0
25	11:14:06	11:14:21	scan	0.14	0.13	3.37	6.39e+000	1.48e+002	1000	15	-1463.65	994.65	0.00	0.00	1.00	0.00	0	5423	0
28	11:14:24	11:14:39	scan	0.14	0.13	3.44	6.77e+000	1.62e+002	1000	15	-3178.79	1040.11	0.00	0.00	1.00	0.00	0	5422	0
32	11:14:43	11:14:59	scan	0.14	0.13	3.45	7.13e+000	1.44e+002	1000	15	-427.06	983.57	0.00	0.00	1.00	0.00	0	5423	0
36	11:15:02	11:15:17	scan	0.14	0.13	3.36	7.74e+000	1.69e+002	1000	15	-1365.02	1064.83	0.00	0.00	1.00	0.00	0	5423	0
39	11:15:20	11:15:36	scan	0.14	0.13	3.37	6.38e+000	1.38e+002	1000	15	-2595.41	960.06	0.00	0.00	1.00	0.00	0	5420	0
43	11:15:39	11:15:55	scan	0.14	0.13	3.39	7.65e+000	1.79e+002	1000	15	-874.60	1095.88	0.00	0.00	1.00	0.00	0	5424	0
46	11:15:58	11:16:15	scan	0.14	0.13	3.43	9.01e+000	1.81e+002	1000	15	-2556.66	1100.99	0.00	0.00	1.00	0.00	0	5418	0
50	11:16:18	11:16:34	scan	0.14	0.13	3.39	9.63e+000	1.74e+002	1000	15	-1012.54	1079.53	0.00	0.00	1.00	0.00	0	5422	0
54	11:16:37	11:16:53	scan	0.14	0.13	3.42	6.93e+000	1.96e+002	1000	15	140.06	1145.49	0.00	0.00	1.00	0.00	0	5421	0
57	11:16:56	11:17:12	scan	0.14	0.13	3.41	6.53e+000	2.51e+002	1000	15	-464.51	1295.57	0.00	0.00	1.00	0.00	0	5422	0
61	11:17:15	11:17:30	scan	0.14	0.13	3.45	7.27e+000	2.26e+002	1000	15	99.26	1229.42	0.00	0.00	1.00	0.00	0	5418	0
64	11:17:34	11:17:49	scan	0.14	0.13	3.45	9.62e+000	2.61e+002	1000	15	523.73	1322.76	0.00	0.00	1.00	0.00	0	5421	0
68	11:17:52	11:18:07	scan	0.14	0.13	3.41	6.40e+000	1.72e+002	1000	15	-864.95	1074.59	0.00	0.00	1.00	0.00	0	5419	0
72	11:18:10	11:18:26	scan	0.14	0.13	3.43	1.12e+001	2.59e+002	1000	15	1294.26	1317.32	0.00	0.00	1.00	0.00	0	5420	0
75	11:18:29	11:18:44	scan	0.14	0.13	3.41	8.67e+000	1.97e+002	1000	15	-252.44	1149.58	0.00	0.00	1.00	0.00	0	5422	0
79	11:18:47	11:19:03	scan	0.14	0.13	3.42	7.30e+000	1.56e+002	1000	15	-1888.64	1022.33	0.00	0.00	1.00	0.00	0	5426	0
82	11:19:06	11:19:21	scan	0.14	0.13	3.44	6.48e+000	1.88e+002	1000	15	-1130.59	1121.10	0.00	0.00	1.00	0.00	0	5422	0
86	11:19:24	11:19:40	scan	0.14	0.13	3.43	5.91e+000	1.39e+002	1000	15	-2180.41	966.39	0.00	0.00	1.00	0.00	0	5423	0
90	11:19:44	11:19:59	scan	0.14	0.13	3.43	7.55e+000	2.09e+002	1000	15	-1456.47	1181.75	0.00	0.00	1.00	0.00	0	5421	0
</spectraldata>
