
<scaninformation>
	date=16.04.2006
	starttime=01:23:27
	compass=40.0
	tilt=0.0
	lat=0.000000
	long=0.000000
	alt=0.000
	volcano=san_miguel
	site=piedra_azul
	observatory=snet
	serial=D2J2170
	spectrometer=S2000
	channel=0
	coneangle=90.0
	interlacesteps=1
	startchannel=0
	spectrumlength=2048
	flux=0.00
	battery=13.91
	temperature=28.90
	mode=plume
	instrumenttype=gothenburg
	version=2.1
	softwareversion=1.30
	compiledate=Apr 28 2008
</scaninformation>

<fluxinfo>
	flux=0.0000
	windspeed=10.0000
	winddirection=0.0000
	plumeheight=1000.00
	windspeedsource=user
	winddirectionsource=user
	plumeheightsource=user
	compasssource=user
</fluxinfo>
#scanangle	starttime	stoptime	name	specsaturation	fitsaturation	counts_ms	delta	chisquare	exposuretime	numspec	column(SO2)	columnerror(SO2)	shift(SO2)	shifterror(SO2)	squeeze(SO2)	squeezeerror(SO2)	isgoodpoint	offset	flag
<spectraldata>
0	01:23:27	01:23:43	sky	0.14	0.13	3.19	0.00e+000	0.00e+000	1000	15	0.0	0.0	0.0	0.0	0.0	0.0	1	5468	0
180	01:24:06	01:24:21	dark	0.14	0.13	3.21	0.00e+000	0.00e+000	1000	15	0.0	0.0	0.0	0.0	0.0	0.0	1	5465	0
-90	01:24:33	01:24:49	scan	0.14	0.13	3.20	6.14e+000	1.62e+002	1000	15	1153.97	969.05	0.00	0.00	1.00	0.00	0	5472	0
-86	01:24:50	01:25:06	scan	0.14	0.13	3.19	8.92e+000	2.06e+002	1000	15	460.13	1094.38	0.00	0.00	1.00	0.00	0	5467	0
-82	01:25:08	01:25:24	scan	0.14	0.13	3.20	8.79e+000	1.46e+002	1000	15	139.68	921.11	0.00	0.00	1.00	0.00	0	5459	0
-79	01:25:25	01:25:41	scan	0.14	0.13	3.19	8.45e+000	2.02e+002	1000	15	-568.74	1084.66	0.00	0.00	1.00	0.00	0	5463	0
-75	01:25:43	01:25:58	scan	0.14	0.13	3.22	8.38e+000	1.75e+002	1000	15	1959.89	1009.10	0.00	0.00	1.00	0.00	0	5467	0
-72	01:26:00	01:26:16	scan	0.14	0.13	3.23	9.62e+000	3.06e+002	1000	15	1066.95	1333.23	0.00	0.00	1.00	0.00	0	5464	0
-68	01:26:17	01:26:33	scan	0.14	0.13	3.23	7.92e+000	1.88e+002	1000	15	1226.97	1045.82	0.00	0.00	1.00	0.00	0	5463	0
-64	01:26:35	01:26:51	scan	0.14	0.13	3.20	8.44e+000	1.84e+002	1000	15	-157.83	1035.01	0.00	0.00	1.00	0.00	0	5468	0
-61	01:26:52	01:27:08	scan	0.14	0.13	3.19	8.31e+000	2.08e+002	1000	15	-472.50	1100.37	0.00	0.00	1.00	0.00	0	5469	0
-57	01:27:10	01:27:25	scan	0.14	0.13	3.21	1.04e+001	2.02e+002	1000	15	1733.32	1084.48	0.00	0.00	1.00	0.00	0	5462	0
-54	01:27:27	01:27:43	scan	0.14	0.13	3.26	7.82e+000	1.56e+002	1000	15	-77.52	952.41	0.00	0.00	1.00	0.00	0	5460	0
-50	01:27:45	01:28:00	scan	0.14	0.13	3.18	8.04e+000	1.86e+002	1000	15	-202.60	1038.45	0.00	0.00	1.00	0.00	0	5468	0
-46	01:28:02	01:28:18	scan	0.14	0.13	3.18	1.11e+001	3.18e+002	1000	15	1448.32	1359.88	0.00	0.00	1.00	0.00	0	5461	0
-43	01:28:19	01:28:35	scan	0.14	0.13	3.20	7.81e+000	1.57e+002	1000	15	510.71	955.99	0.00	0.00	1.00	0.00	0	5461	0
-39	01:28:37	01:28:52	scan	0.14	0.13	3.21	9.23e+000	1.89e+002	1000	15	311.12	1049.11	0.00	0.00	1.00	0.00	0	5462	0
-36	01:28:54	01:29:10	scan	0.14	0.13	3.20	1.26e+001	2.73e+002	1000	15	-1302.06	1258.64	0.00	0.00	1.00	0.00	0	5465	0
-32	01:29:12	01:29:27	scan	0.14	0.13	3.24	8.39e+000	1.97e+002	1000	15	963.03	1071.22	0.00	0.00	1.00	0.00	0	5462	0
-28	01:29:29	01:29:45	scan	0.14	0.13	3.25	8.28e+000	1.69e+002	1000	15	1704.49	990.74	0.00	0.00	1.00	0.00	0	5464	0
-25	01:29:46	01:30:02	scan	0.14	0.13	3.24	8.35e+000	1.82e+002	1000	15	1504.57	1027.50	0.00	0.00	1.00	0.00	0	5466	0
-21	01:30:04	01:30:19	scan	0.14	0.13	3.27	6.76e+000	1.43e+002	1000	15	303.20	910.51	0.00	0.00	1.00	0.00	0	5460	0
-18	01:30:21	01:30:37	scan	0.14	0.13	3.21	7.37e+000	1.94e+002	1000	15	260.99	1061.19	0.00	0.00	1.00	0.00	0	5466	0
-14	01:30:39	01:30:54	scan	0.14	0.13	3.16	1.17e+001	2.11e+002	1000	15	321.38	1107.15	0.00	0.00	1.00	0.00	0	5462	0
-10	01:30:56	01:31:12	scan	0.14	0.13	3.23	5.58e+000	1.37e+002	1000	15	345.50	891.41	0.00	0.00	1.00	0.00	0	5468	0
-7	01:31:13	01:31:29	scan	0.14	0.13	3.19	7.25e+000	2.61e+002	1000	15	-330.62	1232.69	0.00	0.00	1.00	0.00	0	5466	0
-3	01:31:31	01:31:46	scan	0.14	0.13	3.22	7.76e+000	1.68e+002	1000	15	-783.97	989.42	0.00	0.00	1.00	0.00	0	5462	0
0	01:31:48	01:32:04	scan	0.14	0.13	3.22	6.67e+000	1.98e+002	1000	15	419.83	1071.74	0.00	0.00	1.00	0.00	0	5468	0
3	01:32:05	01:32:21	scan	0.14	0.13	3.23	8.29e+000	1.92e+002	1000	15	-278.18	1056.36	0.00	0.00	1.00	0.00	0	5467	0
7	01:32:23	01:32:39	scan	0.14	0.13	3.20	6.57e+000	2.03e+002	1000	15	738.83	1086.46	0.00	0.00	1.00	0.00	0	5460	0
10	01:32:40	01:32:56	scan	0.14	0.13	3.23	8.84e+000	2.08e+002	1000	15	-151.01	1098.72	0.00	0.00	1.00	0.00	0	5467	0
14	01:32:58	01:33:13	scan	0.14	0.13	3.24	1.02e+001	2.85e+002	1000	15	735.06	1286.61	0.00	0.00	1.00	0.00	0	5467	0
18	01:33:15	01:33:31	scan	0.14	0.13	3.20	7.56e+000	1.87e+002	1000	15	-933.48	1041.61	0.00	0.00	1.00	0.00	0	5469	0
21	01:33:32	01:33:48	scan	0.14	0.13	3.20	7.89e+000	1.65e+002	1000	15	-510.85	979.33	0.00	0.00	1.00	0.00	0	5473	0
25	01:33:50	01:34:06	scan	0.14	0.13	3.25	6.64e+000	1.86e+002	1000	15	-1401.73	1039.63	0.00	0.00	1.00	0.00	0	5468	0
28	01:34:07	01:34:23	scan	0.14	0.13	3.19	8.67e+000	1.77e+002	1000	15	970.18	1014.94	0.00	0.00	1.00	0.00	0	5462	0
32	01:34:25	01:34:40	scan	0.14	0.13	3.21	8.11e+000	2.05e+002	1000	15	-372.30	1092.65	0.00	0.00	1.00	0.00	0	5463	0
36	01:34:42	01:34:58	scan	0.14	0.13	3.23	7.97e+000	2.06e+002	1000	15	1602.12	1093.38	0.00	0.00	1.00	0.00	0	5469	0
39	01:34:59	01:35:15	scan	0.14	0.13	3.25	7.83e+000	2.58e+002	1000	15	873.91	1224.79	0.00	0.00	1.00	0.00	0	5466	0
43	01:35:17	01:35:33	scan	0.14	0.13	3.19	7.46e+000	1.60e+002	1000	15	27.23	963.20	0.00	0.00	1.00	0.00	0	5472	0
46	01:35:34	01:35:50	scan	0.14	0.13	3.22	8.03e+000	1.75e+002	1000	15	1406.85	1007.29	0.00	0.00	1.00	0.00	0	5468	0
50	01:35:52	01:36:07	scan	0.14	0.13	3.20	7.60e+000	1.39e+002	1000	15	472.00	897.49	0.00	0.00	1.00	0.00	0	5464	0
54	01:36:09	01:36:25	scan	0.14	0.13	3.23	6.57e+000	1.14e+002	1000	15	347.79	815.49	0.00	0.00	1.00	0.00	0	5466	0
57	01:36:26	01:36:42	scan	0.14	0.13	3.20	9.06e+000	2.16e+002	1000	15	-939.16	1121.53	0.00	0.00	1.00	0.00	0	5464	0
61	01:36:44	01:37:00	scan	0.14	0.13	3.17	7.55e+000	1.63e+002	1000	15	-39.29	972.00	0.00	0.00	1.00	0.00	0	5461	0
64	01:37:01	01:37:17	scan	0.14	0.13	3.21	8.22e+000	1.51e+002	1000	15	-25.64	936.22	0.00	0.00	1.00	0.00	0	5467	0
68	01:37:19	01:37:34	scan	0.14	0.13	3.21	5.23e+000	1.56e+002	1000	15	-1043.52	953.25	0.00	0.00	1.00	0.00	0	5464	0
72	01:37:36	01:37:52	scan	0.14	0.13	3.18	9.88e+000	3.11e+002	1000	15	1158.48	1344.25	0.00	0.00	1.00	0.00	0	5458	0
75	01:37:53	01:38:09	scan	0.14	0.13	3.14	6.66e+000	1.43e+002	1000	15	-1488.56	910.40	0.00	0.00	1.00	0.00	0	5458	0
79	01:38:11	01:38:27	scan	0.14	0.13	3.23	8.81e+000	2.21e+002	1000	15	-641.15	1133.04	0.00	0.00	1.00	0.00	0	5461	0
82	01:38:28	01:38:44	scan	0.14	0.13	3.21	8.16e+000	1.98e+002	1000	15	-1730.54	1072.31	0.00	0.00	1.00	0.00	0	5465	0
86	01:38:46	01:39:01	scan	0.14	0.13	3.19	6.50e+000	1.41e+002	1000	15	1772.40	904.76	0.00	0.00	1.00	0.00	0	5463	0
90	01:39:03	01:39:19	scan	0.14	0.13	3.22	1.35e+001	2.44e+002	1000	15	1241.98	1190.67	0.00	0.00	1.00	0.00	0	5458	0
</spectraldata>
