
<scaninformation>
	date=16.04.2006
	starttime=06:17:17
	compass=40.0
	tilt=0.0
	lat=0.000000
	long=0.000000
	alt=0.000
	volcano=san_miguel
	site=piedra_azul
	observatory=snet
	serial=D2J2170
	spectrometer=S2000
	channel=0
	coneangle=90.0
	interlacesteps=1
	startchannel=0
	spectrumlength=2048
	flux=0.00
	battery=14.02
	temperature=28.90
	mode=plume
	instrumenttype=gothenburg
	version=2.1
	softwareversion=1.30
	compiledate=Apr 28 2008
</scaninformation>

<fluxinfo>
	flux=0.0000
	windspeed=10.0000
	winddirection=0.0000
	plumeheight=1000.00
	windspeedsource=user
	winddirectionsource=user
	plumeheightsource=user
	compasssource=user
</fluxinfo>
#scanangle	starttime	stoptime	name	specsaturation	fitsaturation	counts_ms	delta	chisquare	exposuretime	numspec	column(SO2)	columnerror(SO2)	shift(SO2)	shifterror(SO2)	squeeze(SO2)	squeezeerror(SO2)	isgoodpoint	offset	flag
<spectraldata>
0	06:17:17	06:17:33	sky	0.14	0.13	3.21	0.00e+000	0.00e+000	1000	15	0.0	0.0	0.0	0.0	0.0	0.0	1	5450	0
180	06:17:55	06:18:11	dark	0.14	0.13	3.26	0.00e+000	0.00e+000	1000	15	0.0	0.0	0.0	0.0	0.0	0.0	1	5451	0
-90	06:18:23	06:18:39	scan	0.14	0.13	3.23	8.64e+000	1.84e+002	1000	15	-3028.72	1034.90	0.00	0.00	1.00	0.00	0	5456	0
-86	06:18:40	06:18:56	scan	0.14	0.13	3.25	8.50e+000	1.98e+002	1000	15	-337.67	1073.19	0.00	0.00	1.00	0.00	0	5456	0
-82	06:18:58	06:19:13	scan	0.14	0.13	3.24	8.36e+000	1.78e+002	1000	15	-1207.69	1016.62	0.00	0.00	1.00	0.00	0	5451	0
-79	06:19:15	06:19:31	scan	0.14	0.13	3.25	8.40e+000	1.82e+002	1000	15	-992.51	1029.07	0.00	0.00	1.00	0.00	0	5452	0
-75	06:19:32	06:19:48	scan	0.14	0.13	3.24	6.60e+000	1.29e+002	1000	15	391.69	864.70	0.00	0.00	1.00	0.00	0	5458	0
-72	06:19:50	06:20:06	scan	0.14	0.13	3.27	1.05e+001	2.35e+002	1000	15	656.98	1169.33	0.00	0.00	1.00	0.00	0	5452	0
-68	06:20:07	06:20:23	scan	0.14	0.13	3.22	6.33e+000	1.22e+002	1000	15	273.84	842.23	0.00	0.00	1.00	0.00	0	5452	0
-64	06:20:25	06:20:40	scan	0.14	0.13	3.26	1.02e+001	2.71e+002	1000	15	-976.07	1255.75	0.00	0.00	1.00	0.00	0	5451	0
-61	06:20:42	06:20:58	scan	0.14	0.13	3.25	6.42e+000	1.56e+002	1000	15	-595.72	951.04	0.00	0.00	1.00	0.00	0	5454	0
-57	06:20:59	06:21:15	scan	0.14	0.13	3.27	9.44e+000	1.89e+002	1000	15	-1919.86	1049.34	0.00	0.00	1.00	0.00	0	5453	0
-54	06:21:17	06:21:33	scan	0.14	0.13	3.24	7.58e+000	1.73e+002	1000	15	-526.05	1004.08	0.00	0.00	1.00	0.00	0	5448	0
-50	06:21:34	06:21:50	scan	0.14	0.13	3.23	1.05e+001	2.75e+002	1000	15	-1250.68	1265.28	0.00	0.00	1.00	0.00	0	5445	0
-46	06:21:52	06:22:07	scan	0.14	0.13	3.27	7.87e+000	1.92e+002	1000	15	-674.37	1055.54	0.00	0.00	1.00	0.00	0	5447	0
-43	06:22:09	06:22:25	scan	0.14	0.13	3.26	8.67e+000	2.57e+002	1000	15	1701.08	1221.71	0.00	0.00	1.00	0.00	0	5447	0
-39	06:22:26	06:22:42	scan	0.14	0.13	3.27	1.11e+001	2.51e+002	1000	15	-1845.99	1208.30	0.00	0.00	1.00	0.00	0	5451	0
-36	06:22:44	06:23:00	scan	0.14	0.13	3.23	6.41e+000	1.29e+002	1000	15	-988.72	866.70	0.00	0.00	1.00	0.00	0	5453	0
-32	06:23:01	06:23:17	scan	0.14	0.13	3.25	8.87e+000	2.02e+002	1000	15	-2894.64	1082.52	0.00	0.00	1.00	0.00	0	5449	0
-28	06:23:19	06:23:34	scan	0.14	0.13	3.25	8.29e+000	2.86e+002	1000	15	1558.19	1288.31	0.00	0.00	1.00	0.00	0	5449	0
-25	06:23:36	06:23:52	scan	0.14	0.13	3.24	9.21e+000	2.08e+002	1000	15	1601.79	1098.85	0.00	0.00	1.00	0.00	0	5454	0
-21	06:23:53	06:24:09	scan	0.14	0.13	3.23	9.05e+000	2.30e+002	1000	15	134.32	1157.24	0.00	0.00	1.00	0.00	0	5455	0
-18	06:24:11	06:24:27	scan	0.14	0.13	3.26	6.12e+000	1.76e+002	1000	15	-1321.36	1010.76	0.00	0.00	1.00	0.00	0	5453	0
-14	06:24:28	06:24:44	scan	0.14	0.13	3.27	8.42e+000	2.22e+002	1000	15	-231.59	1135.05	0.00	0.00	1.00	0.00	0	5450	0
-10	06:24:46	06:25:01	scan	0.14	0.13	3.21	8.69e+000	2.07e+002	1000	15	26.67	1096.35	0.00	0.00	1.00	0.00	0	5455	0
-7	06:25:03	06:25:19	scan	0.14	0.13	3.22	9.21e+000	2.07e+002	1000	15	-381.36	1097.17	0.00	0.00	1.00	0.00	0	5455	0
-3	06:25:20	06:25:36	scan	0.14	0.13	3.22	7.97e+000	1.56e+002	1000	15	-774.55	951.18	0.00	0.00	1.00	0.00	0	5454	0
0	06:25:38	06:25:54	scan	0.14	0.13	3.27	6.88e+000	1.64e+002	1000	15	441.57	974.96	0.00	0.00	1.00	0.00	0	5448	0
3	06:25:55	06:26:11	scan	0.14	0.13	3.26	7.48e+000	1.99e+002	1000	15	419.52	1074.72	0.00	0.00	1.00	0.00	0	5448	0
7	06:26:13	06:26:28	scan	0.14	0.13	3.29	6.54e+000	1.28e+002	1000	15	-873.57	861.80	0.00	0.00	1.00	0.00	0	5448	0
10	06:26:30	06:26:46	scan	0.14	0.13	3.28	6.36e+000	1.30e+002	1000	15	-546.37	869.31	0.00	0.00	1.00	0.00	0	5449	0
14	06:26:47	06:27:03	scan	0.14	0.13	3.24	8.26e+000	2.02e+002	1000	15	1116.24	1083.95	0.00	0.00	1.00	0.00	0	5452	0
18	06:27:05	06:27:21	scan	0.14	0.13	3.26	8.04e+000	2.67e+002	1000	15	-689.10	1246.81	0.00	0.00	1.00	0.00	0	5452	0
21	06:27:22	06:27:38	scan	0.14	0.13	3.28	7.89e+000	2.35e+002	1000	15	-283.48	1169.78	0.00	0.00	1.00	0.00	0	5449	0
25	06:27:40	06:27:55	scan	0.14	0.13	3.26	7.31e+000	1.55e+002	1000	15	-192.93	949.47	0.00	0.00	1.00	0.00	0	5446	0
28	06:27:57	06:28:13	scan	0.14	0.13	3.22	6.66e+000	1.74e+002	1000	15	-1761.63	1005.76	0.00	0.00	1.00	0.00	0	5450	0
32	06:28:15	06:28:30	scan	0.14	0.13	3.23	8.91e+000	2.49e+002	1000	15	-2100.00	1203.86	0.00	0.00	1.00	0.00	0	5452	0
36	06:28:32	06:28:48	scan	0.14	0.13	3.22	8.17e+000	1.95e+002	1000	15	2550.51	1063.22	0.00	0.00	1.00	0.00	0	5450	0
39	06:28:49	06:29:05	scan	0.14	0.13	3.25	6.80e+000	1.80e+002	1000	15	1028.26	1022.64	0.00	0.00	1.00	0.00	0	5452	0
43	06:29:07	06:29:22	scan	0.14	0.13	3.25	1.20e+001	2.67e+002	1000	15	718.14	1246.61	0.00	0.00	1.00	0.00	0	5456	0
46	06:29:24	06:29:40	scan	0.14	0.13	3.25	9.15e+000	2.06e+002	1000	15	-94.95	1094.95	0.00	0.00	1.00	0.00	0	5451	0
50	06:29:41	06:29:57	scan	0.14	0.13	3.24	8.26e+000	2.53e+002	1000	15	-1301.08	1213.39	0.00	0.00	1.00	0.00	0	5451	0
54	06:29:59	06:30:15	scan	0.14	0.13	3.27	1.03e+001	2.74e+002	1000	15	1680.77	1260.99	0.00	0.00	1.00	0.00	0	5449	0
57	06:30:16	06:30:32	scan	0.14	0.13	3.26	7.99e+000	3.13e+002	1000	15	-1391.64	1349.25	0.00	0.00	1.00	0.00	0	5454	0
61	06:30:34	06:30:49	scan	0.14	0.13	3.25	8.78e+000	2.50e+002	1000	15	-1306.85	1206.50	0.00	0.00	1.00	0.00	0	5451	0
64	06:30:51	06:31:07	scan	0.14	0.13	3.26	8.74e+000	1.95e+002	1000	15	-726.47	1065.22	0.00	0.00	1.00	0.00	0	5444	0
68	06:31:08	06:31:24	scan	0.14	0.13	3.25	8.70e+000	1.71e+002	1000	15	1749.36	998.02	0.00	0.00	1.00	0.00	0	5453	0
72	06:31:26	06:31:42	scan	0.14	0.13	3.24	1.09e+001	3.65e+002	1000	15	961.51	1456.74	0.00	0.00	1.00	0.00	0	5448	0
75	06:31:43	06:31:59	scan	0.14	0.13	3.26	9.15e+000	2.06e+002	1000	15	-543.41	1095.17	0.00	0.00	1.00	0.00	0	5454	0
79	06:32:01	06:32:16	scan	0.14	0.13	3.22	5.74e+000	1.57e+002	1000	15	1218.81	955.45	0.00	0.00	1.00	0.00	0	5453	0
82	06:32:18	06:32:34	scan	0.14	0.13	3.32	7.45e+000	1.88e+002	1000	15	1143.35	1045.84	0.00	0.00	1.00	0.00	0	5450	0
86	06:32:35	06:32:51	scan	0.14	0.13	3.22	6.49e+000	1.46e+002	1000	15	-1811.72	922.68	0.00	0.00	1.00	0.00	0	5448	0
90	06:32:53	06:33:09	scan	0.14	0.13	3.27	6.88e+000	1.57e+002	1000	15	-378.00	955.86	0.00	0.00	1.00	0.00	0	5449	0
</spectraldata>
